183	185	186	187	188	189	190	194	195	196	200	201	202
2	4	11	20	22	6	7	8	9	10	12	21
439	446	447	448	449	450	472	473	474	475	476	477
130	131	132	133	135	136	137	138	139	140
40	314	331	332	333	334	338	339	340
206	207	210	211	212	213	214	215	217
406	407	408	409	411	412	413	415	416
549	551	552	553	555	556	557	558	559
36	479	485	486	487	488	489	490
158	160	161	162	163	164	165	344
318	319	321	322	323	324	325	326
458	459	461	462	463	464	466	467
41	43	44	45	46	47	48
57	59	60	61	62	63	64
105	106	108	109	111	112	113
141	148	149	150	151	152	153
170	172	173	174	175	176	177
286	288	300	311	289	290	291
301	303	304	305	306	307	308
369	371	372	373	374	375	376
522	524	525	526	527	528	529
13	15	16	17	18	19
29	30	32	33	34	35
49	50	51	53	54	55
88	90	91	92	93	94
99	100	101	102	103	104
166	440	441	442	443	444
222	223	225	226	227	228
252	254	255	256	257	258
261	263	264	265	266	267
348	349	351	352	353	354
355	364	365	366	367	368
356	358	359	360	361	362
417	418	420	421	422	423
451	453	454	455	456	457
24	25	26	27	28
65	66	67	69	512
115	116	117	118	295
142	143	145	146	147
341	342	343	345	347
391	393	394	395	396
496	498	499	500	501
502	503	505	506	507
70	71	72	73
80	82	83	84
220	221	230	235
231	232	233	234
240	241	242	243
270	280	281	282
296	297	298	299
424	425	426	427
513	515	516	517
518	519	520	521
85	86	87
126	127	129
155	167	168
169	180	182
205	218	219
244	245	246
274	275	276
283	284	285
292	293	294
315	316	317
327	328	329
400	401	402
429	430	431
432	433	434
436	437	438
468	469	470
508	510	511
533	535	536
537	538	539
540	541	542
543	544	545
38	39
76	77
78	79
95	96
97	98
110	208
114	125
120	123
121	122
156	157
178	179
191	192
197	198
203	204
236	237
248	249
250	251
259	260
268	269
271	273
277	278
309	310
312	313
335	336
377	378
379	380
381	382
385	386
387	388
389	390
398	399
403	405
480	481
482	483
492	493
494	495
530	531
546	548
0
1
23
37
56
68
74
124
128
181
216
239
247
272
346
383
435
478
547
